2924
2756
2398
2398
2656
2274
2278
2470
2302
2106
2516
2614
2188
2390
2370
2788
2426
1936
2164
2320
2412
2386
2346
2284
2468
2376
2288
2172
2638
2382
2608
2570
2420
2760
2056
2030
2264
2232
2086
2506
2756
3892
3028
3140
3120
2742
2522
2790
2740
2794
2844
3224
2620
2804
2720
3020
2696
2496
2494
3082
2842
2868
2796
2752
2844
2846
2790
2742
3034
2980
3050
3036
2788
3078
2322
2672
2926
2546
2448
2646
2398
3028
3626
2980
2902
2750
2674
2624
2792
2684
2502
2884
2710
2878
2654
2750
2838
2322
2838
2652
2556
2756
2688
2714
2668
2650
2874
2348
2756
2516
2852
2982
2496
3082
2424
2606
2660
2430
2524
2708
2398
3140
2980
3620
2990
2666
2666
2644
2858
2618
2744
2886
2766
2586
2706
2788
2792
2334
2668
2726
2662
2716
2662
2752
2812
2812
2642
2306
2876
2858
2932
3054
2738
2734
2214
2714
2704
2520
2328
2666
2656
3120
2902
2990
3340
2522
2658
2586
2598
2478
2734
2986
2574
2644
2562
2940
2554
2234
2450
2700
2620
2728
2690
2582
2694
2928
2654
2542
3006
2688
2928
2962
2656
3048
2376
2714
2606
2390
2256
2724
2274
2742
2750
2666
2522
3046
2458
2342
2566
2176
2450
2634
2358
2392
2420
2570
2480
1980
2394
2472
2410
2534
2246
2480
2356
2496
2194
2000
2438
2460
2990
2612
2508
2688
1964
2326
2452
2178
2268
2374
2278
2522
2674
2666
2658
2458
2998
2280
2266
2102
2506
2370
2328
2262
2404
2408
2334
2020
2318
2110
2294
2526
2232
2236
2280
2440
2364
2112
2592
2170
2640
2524
2402
2852
1878
2256
2178
2108
2118
2416
2470
2790
2624
2644
2586
2342
2280
3146
2556
2120
2550
2568
2494
2442
2260
2728
2484
2166
2326
2338
2374
2638
2362
2594
2502
2392
2468
2442
2480
2524
2574
2796
2598
2736
2142
2280
2512
2292
2100
2670
2302
2740
2792
2858
2598
2566
2266
2556
2950
2256
2366
2574
2510
2532
2396
2604
2586
1972
2466
2422
2190
2494
2324
2524
2336
2590
2398
2074
2422
2566
2652
2644
2454
2580
2060
2428
2614
2262
2152
2516
2106
2794
2684
2618
2478
2176
2102
2120
2256
2830
2160
2612
2214
2298
2298
2358
2478
1980
2354
2410
2220
2460
2284
2356
2404
2458
2454
2126
2508
2304
2576
2754
2316
2464
1884
2162
2236
2066
2164
2162
2516
2844
2502
2744
2734
2450
2506
2550
2366
2160
3210
2840
2312
2370
2408
2770
2272
2142
2238
2462
2566
2598
2422
2488
2442
2428
2384
2138
2552
2466
2688
2702
2712
2748
1958
2172
2336
2260
2052
2466
2614
3224
2884
2886
2986
2634
2370
2568
2574
2612
2840
3714
2484
2632
2702
3034
2706
2200
2308
2640
2538
2756
2652
2742
2832
2878
2596
2452
2796
2632
3030
2752
2672
2864
2298
2458
2730
2428
2420
2426
2188
2620
2710
2766
2574
2358
2328
2494
2510
2214
2312
2484
2908
2374
2340
2488
2322
2048
2394
2488
2158
2336
2404
2506
2502
2550
2528
2070
2372
2362
2646
2796
2358
2574
2124
2306
2302
2122
2120
2372
2390
2804
2878
2586
2644
2392
2262
2442
2532
2298
2370
2632
2374
3108
2424
2678
2554
2072
2538
2550
2464
2670
2542
2316
2382
2412
2540
2250
2488
2316
2626
2690
2348
2830
2172
2496
2454
2212
2184
2640
2370
2720
2654
2706
2562
2420
2404
2260
2396
2298
2408
2702
2340
2424
2930
2650
2462
1980
2330
2582
2460
2364
2176
2290
2432
2432
2316
2146
2698
2280
2454
2604
2332
2522
2052
2084
2346
2146
2154
2320
2788
3020
2750
2788
2940
2570
2408
2728
2604
2358
2770
3034
2488
2678
2650
3446
2818
2230
2508
2660
2662
2618
2542
2610
2742
2810
2452
2512
2782
2680
2812
2728
2652
2946
2342
2428
2598
2408
2434
2704
2426
2696
2838
2792
2554
2480
2334
2484
2586
2478
2272
2706
2322
2554
2462
2818
3250
2150
2478
2330
2404
2610
2434
2690
2472
2634
2444
2302
2572
2562
2818
2870
2546
2640
2300
2516
2466
2420
2418
2722
1936
2496
2322
2334
2234
1980
2020
2166
1972
1980
2142
2200
2048
2072
1980
2230
2150
2280
2000
2180
2092
2148
2128
1834
1954
2104
2078
1980
2094
2030
2210
2250
2206
2410
1584
2004
1946
1896
1786
2072
2164
2494
2838
2668
2450
2394
2318
2326
2466
2354
2238
2308
2394
2538
2330
2508
2478
2000
2872
2340
2206
2502
2348
2284
2190
2300
2338
1968
2380
2292
2588
2624
2174
2700
1940
2244
2346
2042
2126
2410
2320
3082
2652
2726
2700
2472
2110
2338
2422
2410
2462
2640
2488
2550
2582
2660
2330
2180
2340
3256
2474
2448
2474
2382
2488
2460
2414
2206
2586
2520
2584
2656
2446
2620
2114
2302
2286
2180
2104
2522
2412
2842
2556
2662
2620
2410
2294
2374
2190
2220
2566
2538
2158
2464
2460
2662
2404
2092
2206
2474
2940
2410
2380
2300
2514
2324
2348
2084
2608
2360
2568
2738
2494
2620
2126
2158
2224
2284
2104
2458
2386
2868
2756
2716
2728
2534
2526
2638
2494
2460
2598
2756
2336
2670
2364
2618
2610
2148
2502
2448
2410
3300
2642
2578
2470
2448
2556
2608
2526
2480
2732
2754
2668
2982
2202
2554
2400
2222
2402
2714
2346
2796
2688
2662
2690
2246
2232
2362
2324
2284
2422
2652
2404
2542
2176
2542
2434
2128
2348
2474
2380
2642
3116
2472
2462
2526
2584
2254
2480
2290
2598
2372
2344
2748
2092
2238
2264
2096
1948
2602
2284
2752
2714
2752
2582
2480
2236
2594
2524
2356
2488
2742
2506
2316
2290
2610
2690
1834
2284
2382
2300
2578
2472
3092
2678
2500
2564
2262
2424
2664
2778
2856
2476
2532
2314
2384
2402
2244
2172
2578
2468
2844
2668
2812
2694
2356
2280
2502
2336
2404
2442
2832
2502
2382
2432
2742
2472
1954
2190
2488
2514
2470
2462
2678
3020
2586
2524
2278
2488
2498
2682
2792
2564
2562
2242
2318
2278
2312
2274
2454
2376
2846
2650
2812
2928
2496
2440
2392
2590
2458
2428
2878
2550
2412
2432
2810
2634
2104
2300
2460
2324
2448
2526
2500
2586
3188
2528
2388
2732
2514
2910
2822
2566
2708
2102
2530
2478
2358
2252
2406
2288
2790
2874
2642
2654
2194
2364
2468
2398
2454
2384
2596
2528
2540
2316
2452
2444
2078
2338
2414
2348
2556
2584
2564
2524
2528
3086
2324
2608
2330
2514
2726
2202
2658
2248
2366
2192
2378
2060
2438
2172
2742
2348
2306
2542
2000
2112
2442
2074
2126
2138
2452
2070
2250
2146
2512
2302
1980
1968
2206
2084
2608
2254
2262
2278
2388
2324
2852
2478
2124
2312
2546
2386
2492
2036
2278
2180
1984
2094
2278
2638
3034
2756
2876
3006
2438
2592
2480
2422
2508
2552
2796
2372
2488
2698
2782
2572
2094
2380
2586
2608
2526
2480
2424
2488
2732
2608
2478
3344
2526
2798
2920
2372
2814
2164
2270
2614
2330
2264
2560
2382
2980
2516
2858
2688
2460
2170
2524
2566
2304
2466
2632
2362
2316
2280
2680
2562
2030
2292
2520
2360
2480
2290
2664
2498
2514
2330
2124
2526
3140
2790
2682
2364
2582
1940
2454
2588
2166
2142
2390
2608
3050
2852
2932
2928
2990
2640
2574
2652
2576
2688
3030
2646
2626
2454
2812
2818
2210
2588
2584
2568
2732
2598
2778
2682
2910
2514
2312
2798
2790
3534
3098
2808
2884
2190
2638
2714
2400
2498
2586
2570
3036
2982
3054
2962
2612
2524
2796
2644
2754
2702
2752
2796
2690
2604
2728
2870
2250
2624
2656
2738
2754
2372
2856
2792
2822
2726
2546
2920
2682
3098
3936
2948
2850
2480
2666
2562
2570
2614
2814
2420
2788
2496
2738
2656
2508
2402
2598
2454
2316
2712
2672
2358
2348
2332
2652
2546
2206
2174
2446
2494
2668
2344
2476
2564
2566
2202
2386
2372
2364
2808
2948
3164
2624
1998
2390
2270
2298
2208
2552
2760
3078
3082
2734
3048
2688
2852
2736
2580
2464
2748
2864
2574
2830
2522
2946
2640
2410
2700
2620
2620
2982
2748
2532
2562
2708
2658
2492
2814
2582
2884
2850
2624
3634
2224
2528
2428
2326
2376
2860
2056
2322
2424
2214
2376
1964
1878
2142
2060
1884
1958
2298
2124
2172
2052
2342
2300
1584
1940
2114
2126
2202
2092
2314
2242
2102
2248
2036
2164
1940
2190
2480
1998
2224
2472
2122
1908
2124
2018
2328
2030
2672
2606
2714
2714
2326
2256
2280
2428
2162
2172
2458
2306
2496
2084
2428
2516
2004
2244
2302
2158
2554
2238
2384
2318
2530
2366
2278
2270
2454
2638
2666
2390
2528
2122
2834
2354
2184
2048
2418
2264
2926
2660
2704
2606
2452
2178
2512
2614
2236
2336
2730
2302
2454
2346
2598
2466
1946
2346
2286
2224
2400
2264
2402
2278
2478
2192
2180
2614
2588
2714
2562
2270
2428
1908
2354
2990
2002
2122
2308
2232
2546
2430
2520
2390
2178
2108
2292
2262
2066
2260
2428
2122
2212
2146
2408
2420
1896
2042
2180
2284
2222
2096
2244
2312
2358
2378
1984
2330
2166
2400
2570
2298
2326
2124
2184
2002
2640
1964
2408
2086
2448
2524
2328
2256
2268
2118
2100
2152
2164
2052
2420
2120
2184
2154
2434
2418
1786
2126
2104
2104
2402
1948
2172
2274
2252
2060
2094
2264
2142
2498
2614
2208
2376
2018
2048
2122
1964
2562
2040
2506
2646
2708
2666
2724
2374
2416
2670
2516
2162
2466
2426
2372
2640
2320
2704
2722
2072
2410
2522
2458
2714
2602
2578
2454
2406
2438
2278
2560
2390
2586
2814
2552
2860
2328
2418
2308
2408
2040
3244
